[object Object]at: 1549914697850
